PlayerOne
a22
a33
a88888

1@example.com
2@example.com
3@3.com
1767-234234

0.00
1.03
998998.00
998998.00
998998.00
998998.00
998998.00
998998.00
998998.00
998998.00
998998.00
998998.00
998998.00
998998.00
998998.00
998998.00
998998.00
998998.00
998998.00
998998.00
998998.00
998998.00
998998.00
998998.00
998998.00
0.00
0.72
1.46
2.71
1.55
7.03
998998.00
998998.00
998998.00
998998.00
998998.00
998998.00
998998.00
998998.00
998998.00
998998.00
998998.00
998998.00
998998.00
998998.00
998998.00
998998.00
998998.00
998998.00
998998.00
0.00
1.63
0.70
3.38
998998.00
998998.00
998998.00
998998.00
998998.00
998998.00
998998.00
998998.00
998998.00
998998.00
998998.00
998998.00
998998.00
998998.00
998998.00
998998.00
998998.00
998998.00
998998.00
998998.00
998998.00
0.00
2.81
998998.00
998998.00
998998.00
998998.00
998998.00
998998.00
998998.00
998998.00
998998.00
998998.00
998998.00
998998.00
998998.00
998998.00
998998.00
998998.00
998998.00
998998.00
998998.00
998998.00
998998.00
998998.00
998998.00

